aaa11
b112
122
23
3
^
|
v
aa111
b122
c23
13
2

11111
2222
33a
aa
b
^
|
v
11111
2222
33a
ab
c

jdt

11111
2222
33


^
|
v
11111
2222
33


------------------------------------------------
   11
 112
123
23
3
^
|
v
  111
 122
 23
13
3

jdt

11111
222
333


^
|
v
11111
222
333


------------------------------------------------
   11
 113
122
23
3
^
|
v
  111
 123
 23
13
2

jdt

11111
2223
33


^
|
v
11111
2223
33


------------------------------------------------
   11
 113
123
23
3
^
|
v
  111
 123
 23
13
3

jdt

11111
2233
33


^
|
v
11111
2233
33


------------------------------------------------
   11
 122
123
23
3
^
|
v
  111
 122
 23
23
3

jdt

1111
2222
333


^
|
v
1111
2222
333


------------------------------------------------
   11
 123
123
23
3
^
|
v
  111
 123
 23
23
3

jdt

1111
2223
333


^
|
v
1111
2223
333


------------------------------------------------
   12
 112
122
23
3
^
|
v
  112
 122
 23
13
2

jdt

11112
2222
33


^
|
v
11112
2222
33


------------------------------------------------
   12
 112
123
23
3
^
|
v
  112
 122
 23
13
3

jdt

11112
222
333


^
|
v
11112
222
333


------------------------------------------------
   12
 113
122
23
3
^
|
v
  112
 123
 23
13
2

jdt

11112
2223
33


^
|
v
11112
2223
33


------------------------------------------------
   12
 113
123
23
3
^
|
v
  112
 123
 23
13
3

jdt

11112
2233
33


^
|
v
11112
2233
33


------------------------------------------------
   12
 122
123
23
3
^
|
v
  112
 122
 23
23
3

jdt

11122
222
333


^
|
v
11122
222
333


------------------------------------------------
   12
 123
123
23
3
^
|
v
  112
 123
 23
23
3

jdt

1112
2223
333


^
|
v
1112
2223
333


------------------------------------------------
   13
 112
122
23
3
^
|
v
  113
 122
 23
13
2

jdt

11113
2222
33


^
|
v
11113
2222
33


------------------------------------------------
   13
 112
123
23
3
^
|
v
  113
 122
 23
13
3

jdt

11113
222
333


^
|
v
11113
222
333


------------------------------------------------
   13
 113
122
23
3
^
|
v
  113
 123
 23
13
2

jdt

11113
2223
33


^
|
v
11113
2223
33


------------------------------------------------
   13
 113
123
23
3
^
|
v
  113
 123
 23
13
3

jdt

11113
2233
33


^
|
v
11113
2233
33


------------------------------------------------
   13
 122
123
23
3
^
|
v
  113
 122
 23
23
3

jdt

11123
222
333


^
|
v
11123
222
333


------------------------------------------------
   13
 123
123
23
3
^
|
v
  113
 123
 23
23
3

jdt

11133
222
333


^
|
v
11133
222
333


------------------------------------------------
   22
 113
122
23
3
^
|
v
  122
 123
 23
13
2

jdt

11122
2223
33


^
|
v
11122
2223
33


------------------------------------------------
   22
 113
123
23
3
^
|
v
  122
 123
 23
13
3

jdt

11122
2233
33


^
|
v
11122
2233
33


------------------------------------------------
   22
 123
123
23
3
^
|
v
  122
 123
 23
23
3

jdt

11222
2233
33


^
|
v
11222
2233
33


------------------------------------------------
   23
 113
122
23
3
^
|
v
  123
 123
 23
13
2

jdt

11123
2223
33


^
|
v
11123
2223
33


------------------------------------------------
   23
 113
123
23
3
^
|
v
  123
 123
 23
13
3

jdt

11123
2233
33


^
|
v
11123
2233
33


------------------------------------------------
   23
 123
123
23
3
^
|
v
  123
 123
 23
23
3

jdt

11223
2233
33


^
|
v
11223
2233
33


------------------------------------------------
